Variants	delta f	delta R	Fluorescence	Type
C1	5.615404382	9.305487027	32319.33333	1
C2	1.717079039	4.667878226	30504.33333	1
C2-F391W	4.285059181	29.8872442	37865.33333	2
C2-H396K	1.207976403	2.914549473	28110.5	2
C1-V398D	2.506574248	6.947688805	25233.33333	2
C2-F391W-G395D	3.991081514	26.81218245	33591.5	2
C2-F391W-L398V	3.570374972	23.32348549	34392.66667	2
C1-W391F-V398L	2.830079118	7.800190253	27027.66667	2
C2-I217L	1.447788346	8.403634885	42373.33333	3
C2-L398V	2.003758713	6.396534769	25133.33333	3
C2-S345N	1.999220889	6.264365652	24372	3
C2-T202C	2.591818514	8.006934766	31097.66667	3
C2-V142Q	1.48618295	6.215037825	26527	3
C2-Y198F	1.955969762	5.755006964	28615	3
C1-A146L	2.649997026	14.4077419	25163.66667	4
C1-C150T	15.29950742	6.770440709	20627.66667	4
C1-C202A	6.611712028	11.37943181	24879.66667	4
C1-C202T	6.857811066	12.88923703	40361	4
C1-F198Y	5.442355637	20.59009432	36917	4
C1-Q142V	7.121174159	11.21065142	35591.66667	4
C1-A146L-C150T	3.973756524	16.07725678	11977.5	4
C1-A146L-C202A	2.398055566	15.14514546	17951.66667	4
C1-A146L-C202T	2.118124302	10.21902005	24957.66667	4
C1-A146L-F198Y	1.800777307	11.18890839	35077.33333	4
C1-A146L-Q142V	3.496208508	17.0469834	7026.666667	4
C1-C150T-C202A	12.27493254	19.21779275	9256	4
C1-C150T-C202T	22.43544759	16.00010711	17957.33333	4
C1-C150T-F198Y	16.8566375	14.06009684	16586	4
C1-F198Y-C202A	4.888740334	22.54610936	33042	4
C1-Q142V-C150T	15.08071452	16.86310959	14130.66667	4
C1-Q142V-C202A	6.785243472	14.82694073	28012	4
C1-Q142V-C202T	7.165845327	8.438526165	33218.33333	4
C1-Q142V-F198Y	6.36318217	20.51959961	35964	4
C1-A146L-C150T-C202A	3.98750812	12.47872843	7486.666667	4
C1-A146L-C150T-C202T	3.827663641	14.34590221	9657.5	4
C1-A146L-C150T-F198Y	2.75369952	10.33896939	15356.75	4
C1-C150T-F198Y-C202A	16.14450136	23.8861889	17019.33333	4
C1-C150T-F198Y-C202T	17.18240803	21.57440164	23305.25	4
C1-Q142V-A146L-C150T	7.116001093	25.62869394	6493	4
C1-Q142V-C150T-C202A	12.00151563	20.71717526	11675	4
C1-Q142V-C150T-C202T	19.91066048	20.64771966	18097.66667	4
C1-Q142V-C150T-F198Y	18.02231346	29.99585343	22219.66667	4
C1-Q142V-C150T-F198Y-C202A	16.09534907	28.8650468	15636.5	4
C1-Q142V-C150T-F198Y-C202T	18.9335319	25.55771337	21274.66667	4
